2400000167
2640000217
2880000251
3120000253
3360000257
3600000269
3840000289
4080000293
4320000329
4560000343
4800000347
5040000443
5280000461
5520000463
5760000473
6000000511
6240000581
6480000589
6720000593
6960000613
2400000167
2640000217
2880000251
3120000253
3360000257
3600000269
3840000289
4080000293
4320000329
4560000343
4800000347
5040000443
5280000461
5520000463
5760000473
6000000511
6240000581
6480000589
6720000593
6960000613
2400000167
2640000217
2880000251
3120000253
3360000257
3600000269
3840000289
4080000293
4320000329
4560000343
4800000347
5040000443
5280000461
5520000463
5760000473
6000000511
6240000581
6480000589
6720000593
6960000613
2400000167
2640000217
2880000251
3120000253
3360000257
3600000269
3840000289
4080000293
4320000329
4560000343
4800000347
5040000443
5280000461
5520000463
5760000473
6000000511
6240000581
6480000589
6720000593
6960000613
2400000249
2640000259
2880000289
3120000309
3360000343
3600000355
3840000381
4080000405
4320000439
4560000452
4800000463
5040000481
5280000501
5520000535
5760000565
6000000571
6240000583
6480000591
6720000595
6960000615
2400000249
2640000259
2880000289
3120000309
3360000343
3600000355
3840000381
4080000405
4320000439
4560000452
4800000463
5040000481
5280000501
5520000535
5760000565
6000000571
6240000583
6480000591
6720000595
6960000615
2400000249
2640000259
2880000289
3120000309
3360000343
3600000355
3840000381
4080000405
4320000439
4560000452
4800000463
5040000481
5280000501
5520000535
5760000565
6000000571
6240000583
6480000591
6720000595
6960000615
2400000249
2640000259
2880000289
3120000309
3360000343
3600000355
3840000381
4080000405
4320000439
4560000452
4800000463
5040000481
5280000501
5520000535
5760000565
6000000571
6240000583
6480000591
6720000595
6960000615